30 30
38 77 98 91 41 82 92 92 49 99 94 84 12 15 58 41 40 34 21 45 9 23 24 36 10 7 57 99 78 91 
57 16 20 7 59 61 89 3 54 39 3 0 23 67 15 34 8 56 68 81 53 29 5 30 65 67 37 74 66 67 
18 75 35 90 83 47 52 72 50 58 11 53 10 87 72 77 73 81 85 41 62 39 22 19 21 87 87 10 13 5 
77 83 81 64 74 64 11 78 88 62 88 52 67 98 39 40 75 12 73 61 5 87 52 27 7 73 66 94 83 31 
51 12 15 32 76 89 48 40 19 37 2 7 89 21 5 80 13 80 92 86 41 49 74 93 76 33 18 94 79 53 
25 30 65 40 15 94 81 63 34 0 52 88 59 41 9 64 21 23 45 65 61 38 66 87 84 94 72 2 88 51 
56 14 34 73 6 49 67 40 64 53 92 17 41 52 58 3 16 32 78 13 49 39 4 68 79 88 62 51 90 51 
3 98 17 89 72 23 38 39 15 2 93 8 19 86 60 30 89 28 14 19 42 15 11 98 83 90 86 46 93 28 
49 96 27 66 85 51 89 75 42 5 78 87 65 49 74 25 31 15 5 97 35 99 13 46 97 48 88 83 94 81 
64 95 30 91 61 67 94 3 43 36 8 73 24 25 74 98 50 6 65 55 55 0 7 68 98 4 69 86 88 63 
20 52 11 50 95 72 17 89 75 12 25 35 85 1 60 12 51 10 70 17 18 25 69 25 94 20 81 63 58 69 
78 78 73 89 28 20 14 98 9 89 10 87 25 48 40 85 60 92 48 82 61 18 7 30 95 53 50 76 68 61 
98 99 39 71 40 20 92 54 70 53 44 80 92 69 80 85 6 92 77 54 74 38 72 34 20 19 87 23 96 56 
84 94 55 75 65 95 95 9 50 65 15 46 98 59 67 30 44 73 75 73 28 1 63 52 35 84 72 23 7 20 
31 91 14 86 18 31 33 14 93 35 31 8 33 81 19 0 64 16 74 39 89 54 40 53 58 76 89 82 51 96 
2 82 39 16 20 57 0 53 23 93 41 7 53 74 88 72 75 4 40 1 43 82 7 84 87 65 12 76 48 63 
24 2 97 63 71 17 72 71 22 48 64 63 55 17 90 95 41 17 0 82 18 95 16 25 31 3 42 43 79 42 
58 3 45 55 18 16 24 42 87 47 90 3 62 97 20 52 45 13 69 97 47 87 92 63 64 24 66 7 67 45 
49 78 0 46 85 18 62 10 13 1 57 3 4 71 53 76 24 50 42 45 47 89 85 39 53 49 63 71 8 83 
69 10 13 69 56 98 40 71 8 53 72 17 8 29 89 13 57 65 63 99 10 10 41 95 50 46 45 65 17 5 
0 86 15 13 8 72 12 48 95 20 53 19 90 61 48 79 75 58 44 38 9 6 49 50 2 51 96 99 16 14 
4 17 52 20 30 60 44 94 60 39 15 13 58 57 75 59 88 2 69 32 40 78 38 41 29 92 92 77 91 61 
43 96 30 96 68 12 8 64 7 69 3 74 82 13 31 57 24 19 11 93 3 52 72 93 45 53 86 90 30 29 
3 26 77 33 22 45 45 30 61 4 99 64 78 82 30 9 91 54 80 3 48 35 7 72 29 4 77 67 94 59 
96 97 85 26 30 7 23 28 90 85 32 89 49 11 23 31 72 67 86 5 22 86 40 81 58 21 85 87 88 80 
46 37 29 32 63 12 91 38 40 81 23 24 23 25 87 98 56 12 17 42 17 39 28 9 72 38 31 58 25 71 
90 24 60 19 56 75 83 99 14 23 81 37 0 56 62 87 6 19 99 24 13 68 63 94 30 36 84 61 46 62 
84 36 86 45 7 94 72 91 93 86 66 26 24 66 34 38 6 41 57 5 65 23 26 80 69 56 68 53 69 14 
15 5 2 53 2 62 47 75 5 93 61 71 71 37 90 6 76 96 99 85 1 64 8 79 96 77 35 65 83 56 
31 50 62 86 4 64 48 3 39 53 48 53 76 20 90 66 78 66 62 29 4 16 45 64 95 41 94 31 6 77 
