30 30
68 69 95 64 20 12 60 13 99 28 39 25 2 36 58 58 35 63 0 24 4 45 94 71 56 35 6 20 56 79 
55 24 48 2 40 20 14 52 85 65 32 25 91 87 61 1 45 48 65 98 72 69 43 18 41 99 54 99 71 10 
78 79 86 79 81 79 51 96 83 37 13 16 62 56 3 23 58 0 24 23 50 48 92 45 67 85 96 73 85 68 
35 15 47 21 94 80 52 98 76 36 35 42 52 97 98 7 72 56 7 96 31 10 45 76 55 64 61 52 37 98 
72 72 66 71 45 12 51 50 10 80 86 45 22 90 94 20 49 67 29 8 15 12 18 12 88 74 28 2 78 65 
52 50 89 18 21 87 31 72 89 41 52 75 87 74 17 81 47 66 0 28 74 68 40 93 32 29 19 61 83 97 
78 35 99 68 54 20 7 85 44 96 26 97 23 65 23 92 99 22 58 51 50 84 19 91 29 4 72 0 65 7 
49 43 42 48 63 96 68 70 33 13 18 12 62 93 77 37 85 28 60 95 32 10 32 3 53 13 7 77 14 72 
84 63 16 79 12 79 75 32 2 61 97 72 73 11 66 2 49 3 83 9 51 15 71 83 18 77 96 26 54 62 
98 91 26 14 70 90 46 97 74 48 58 24 72 31 35 38 86 84 94 69 45 45 84 17 28 2 94 76 28 0 
39 79 91 17 93 13 59 91 11 33 91 69 57 64 53 93 54 39 29 48 60 75 93 44 44 73 46 90 2 27 
90 93 6 34 10 51 47 69 43 10 2 86 32 12 50 85 5 57 76 86 5 36 61 51 32 57 24 30 47 78 
57 90 71 15 24 81 67 23 2 62 34 57 48 66 69 51 3 26 8 31 12 65 19 26 16 51 83 93 81 83 
71 91 73 43 6 49 76 25 72 79 87 58 36 88 76 57 91 31 83 51 62 95 16 81 21 85 84 5 78 18 
88 1 9 13 44 15 62 73 93 34 52 80 45 40 20 21 97 63 53 32 14 67 27 83 1 49 68 85 6 98 
55 46 99 64 11 96 32 73 69 25 59 73 57 4 65 30 78 14 93 83 46 8 50 73 91 3 74 11 41 32 
9 96 30 8 61 41 56 45 14 25 70 74 98 79 30 15 9 8 29 3 43 75 63 94 49 54 49 75 17 90 
8 26 87 38 86 0 80 43 97 46 68 19 20 19 98 3 34 60 63 16 63 7 91 78 53 92 32 2 68 1 
93 28 27 32 66 13 84 98 8 81 45 77 0 17 48 98 72 34 58 36 50 73 43 94 51 96 86 35 98 54 
36 43 34 15 27 1 81 11 51 89 92 48 18 44 18 18 43 90 53 53 26 55 79 21 49 82 17 88 18 68 
94 6 63 29 74 91 82 55 2 33 44 47 34 15 91 52 33 86 42 38 92 21 94 71 42 95 53 12 83 23 
80 78 82 43 59 56 34 41 11 89 74 7 36 8 22 79 12 56 66 55 94 58 28 40 81 70 88 34 82 71 
10 14 1 92 10 12 48 44 53 11 85 80 18 73 40 93 53 53 1 19 60 95 77 88 88 58 10 76 44 45 
99 6 59 53 98 69 65 98 66 19 61 3 51 32 77 91 25 30 44 26 49 56 73 78 44 13 88 7 89 84 
52 41 91 63 94 41 85 11 92 3 30 5 6 33 37 83 25 14 65 21 40 66 78 66 44 22 79 84 29 21 
21 33 62 64 97 56 5 82 67 49 85 50 55 43 35 44 79 60 59 44 82 51 11 60 17 7 34 49 92 16 
70 65 1 32 29 98 40 86 32 59 36 69 61 43 13 97 87 92 57 46 88 91 98 99 3 67 7 90 16 51 
58 86 16 59 18 45 10 58 31 94 70 19 64 31 62 29 28 50 73 38 96 61 81 46 13 85 14 20 27 30 
71 85 69 39 96 87 84 6 98 67 53 20 87 17 51 49 98 32 99 23 70 48 84 3 46 97 88 60 69 15 
43 92 52 12 31 49 51 67 7 1 35 60 21 74 29 73 23 27 5 75 50 27 75 87 30 21 36 71 34 6 
