30 30
55461 75548 60887 80986 60716 66226 66263 69658 65700 70279 64091 62970 68831 67426 72991 59064 70433 51726 75261 69836 44495 67885 44169 73896 78181 68207 90535 84387 81196 73396 
76021 87126 60636 87552 72718 82037 92162 83337 72621 74933 72662 64781 71892 75663 91013 80226 70091 66286 85494 82927 55111 66575 61388 87164 84899 74809 104414 94076 88171 76943 
80145 96446 79428 96809 83257 94041 101149 95915 75844 85080 85195 82333 84990 84425 95790 92653 79730 74437 97114 88048 55326 80093 63225 103435 96557 91104 116609 107208 108603 87996 
76769 88707 72463 100236 74232 88994 91727 81202 74553 73455 83502 72594 84152 80102 88710 79162 79811 71971 94351 86669 59525 68905 64735 103143 99119 81718 112475 93594 98058 84146 
68224 83260 61250 86813 68286 71285 76530 65890 72932 75768 62494 62034 69729 68795 77697 69024 74245 60128 88644 72361 49249 63450 53470 75035 86194 70047 93733 88132 85106 81873 
66969 94520 76484 95793 67717 90072 88606 91123 79253 80427 82029 80779 91688 87954 96426 85536 87965 75096 94721 83157 61902 71720 57951 96359 99725 86504 115443 93569 104543 84957 
62954 90177 72343 89828 77996 82769 80121 88545 63093 74369 75922 71058 71232 83708 92254 87331 86663 65436 89176 79430 55134 73851 49991 88331 83576 76485 100580 101555 98421 79788 
68300 78427 63463 84905 62968 79393 78944 68053 66635 66599 70993 57682 69148 70765 74935 67755 62250 61889 78038 73547 53166 61101 57842 85586 79979 76346 93172 78681 81225 68673 
69949 84502 68303 87434 69080 77148 84216 81531 70883 68348 76767 71779 71903 72540 80783 79974 68826 59996 87756 70882 52260 65274 59866 81860 84965 70515 104044 97097 93301 88373 
77885 88208 70427 92680 82282 89285 95352 93156 72192 70559 86863 67949 75029 83330 85371 87186 65412 62788 87907 90852 61475 79900 70052 102257 94241 80362 110524 101653 106361 87026 
73092 94313 69824 92280 80967 86363 82762 90614 78992 83969 69350 61160 81572 84835 89683 89660 79999 68387 94769 77780 63703 70816 63189 96675 95902 86513 109215 104515 97098 82234 
60931 74663 58759 78688 56047 67761 69699 69329 55777 70820 71058 55557 57507 71093 74110 65562 67436 56833 71944 71024 48760 62414 47328 81564 84738 71244 85206 86715 80703 78359 
66698 71011 63407 79273 53490 83979 83819 74897 66801 74938 62629 59832 63106 72556 78251 71531 64577 61731 91107 65875 55968 55348 48836 83050 86853 79397 93264 80163 84106 75846 
75123 94430 74600 96861 85562 94530 102763 94709 82465 81001 85189 75334 82855 90997 105416 90767 88924 68401 103170 89547 63798 83852 61628 92189 99794 90192 117686 111730 106699 99676 
64522 73867 72532 86423 64938 73620 82489 82145 63771 65344 81161 63972 68517 69540 84254 76092 67345 54384 73082 69167 50416 66153 51876 81106 85332 62367 98007 85975 91286 79810 
69680 92464 69583 90995 76302 76344 78903 86661 68639 65997 81578 76364 68361 79819 82828 77752 77099 67743 87463 77999 56592 76472 58910 89723 85371 77038 108766 95082 95160 82735 
67577 77529 62901 75082 60171 73946 77999 68832 70046 65327 57733 60455 77343 70113 72404 72734 64371 66602 87504 63038 55027 54125 55068 80213 82300 71011 98648 83757 85374 75469 
58493 80105 47330 81014 71604 62186 69743 68447 67923 60097 65302 57513 71877 70862 71889 66309 68881 55937 80831 73607 50222 70917 54234 78221 82550 68222 94991 92239 83628 76284 
66948 87319 74648 92939 72129 85268 85932 90931 70466 86472 86949 68736 75568 81727 98439 89208 91015 65308 95824 74823 55542 77969 53712 102082 102146 80945 105433 113352 106466 95188 
67352 71906 58373 80596 63752 68850 73282 70392 68198 69810 61215 55978 65817 60969 77077 70727 62312 50175 75756 69392 46996 60063 53664 75705 86688 61893 91728 84285 78546 72518 
63297 85201 65499 91128 65180 79404 77944 85382 74017 78458 80567 67850 78930 79055 81392 82092 79724 64225 91075 79678 55474 72227 64443 96316 89785 79886 104384 99401 95241 85209 
69334 87141 66086 82734 72156 90598 85193 84396 77660 79081 76936 66022 75197 79229 91386 89154 82508 67095 100856 74736 53020 73334 63243 96082 93564 78426 107197 104362 94594 88654 
62589 83988 71372 77299 60081 71334 61015 82268 76957 76883 70283 63697 83470 74119 79233 67358 82069 53073 81094 64741 47194 72085 52086 82810 84275 74028 98453 95291 91750 75045 
63219 94168 68970 94487 73028 90156 82329 89821 72550 74657 88028 71905 86658 83112 90731 78956 84677 66391 97332 76232 54777 80320 64869 105275 95040 85658 112716 105080 103895 92129 
62127 76611 62913 73536 67175 80156 73736 81523 67184 67215 70617 57355 69286 75122 73089 70192 63429 54772 83892 65596 50757 75552 54082 86180 77573 76913 94061 93724 85916 73715 
60956 80407 60156 82168 73368 82931 75486 84701 69444 63587 74920 62973 80877 80077 82123 77992 76448 65546 88567 80910 54507 71897 59482 87235 87623 75268 99041 92765 96771 74753 
68554 91847 80534 93648 71441 88303 88577 91801 79660 80469 86802 71253 88704 89482 92324 94994 84215 62375 85059 86212 63177 75886 64813 101494 98448 83962 112677 104307 107703 87077 
59056 85269 53366 78311 68429 70848 74945 67741 70391 61324 63171 56491 70674 71541 76016 76253 69670 50455 74620 73327 49599 59883 57345 75406 77652 67509 96608 93196 82781 76585 
84721 96364 73710 96324 88623 93395 107241 98731 81635 84925 82650 79210 86402 84787 98908 103385 71889 70700 99458 97019 65008 92571 72261 100007 103568 88083 116250 114961 111443 100209 
54585 66793 55884 68238 53705 71035 62975 68211 57076 63741 60321 50201 61022 67605 64038 57171 61154 56617 73023 61497 46813 49008 42788 79291 70760 69129 80991 77150 74257 58181 
